x,Agartala,Agra,Ahmedabad,Aizawl,Allahabad,Amritsar,Bangalore,Bhopal,Bhubaneswar,Chandigarh,Chennai,Coimbatore,Cuttack,Darjeeling,Dehradun,Delhi,Ernakulam,Gangtok,Guwahati,Hyderabad,Imphal,Jaipur,Jammu,Jhansi,Kanyakumari,Kohima,Kolkata,Lucknow,Madurai,Mangalore,Mumbai,Mysore,Nagpur,Nashik,Panaji,Patna,Pondicherry,Pune,Raipur,Rameswaram,Ranchi,Shillong,Shimla,Srinagar,Thiruvananthapuram,Tirupati,Udaipur,Udhagamandalam,Varanasi,Vijayawada,Visakhapatnam
Agartala,0.0,1382.7400090268331,1910.2511470321977,146.05260092462666,970.4980564087015,1830.6892313137462,1880.3993660146903,1415.1594571698097,686.4501090744283,1624.0907493052084,1665.1996798800913,2080.4988616943574,670.7533649373211,468.1248550801966,1495.7729744839169,1513.2232502053432,2212.8878068733234,473.6275882114792,261.15077258985576,1511.6442941449473,290.0003962766829,1593.3027679459062,1884.9451671067618,1297.4278387224074,2281.897508168234,349.6764089746222,329.8839821608751,1091.5070794972344,2083.4846260254176,2113.2604992906877,1975.3514173812962,2007.7457797649201,1287.85537364134,1853.2103563619162,2047.2410512094343,651.2374738860401,1793.2951242649544,1899.5450735977797,1032.1663040524443,2057.304909192919,611.462166503508,203.72068213553194,1608.1374746528286,1963.6661410793638,2286.2967158361093,1686.0469861750396,1783.0894482985968,2070.60719920398,856.5501741117301,1376.1407195153938,1081.4343608766028
Agra,1382.7400090268331,0.0,716.1124784091567,1524.7855889219338,428.7391533129341,581.2262001610944,1580.1210673502794,439.62623966123505,1103.1812755857884,413.1388873766072,1584.7590729159917,1800.2669423835418,1094.4224480280193,1014.8542231853285,349.13773258874124,191.72470942519615,1920.380962863027,1047.4633849523082,1368.3281552306855,1089.8963492147718,1612.2879833143697,221.89107145144504,687.645175095417,200.13015310963297,2123.109473663482,1610.7512954830129,1162.7433688020983,293.3598242144909,1918.3150503339855,1619.5051533209191,1042.0473393192342,1660.8216802001577,679.4863710672505,906.4538274900765,1369.2894569039047,731.5301464817198,1704.4492867978563,1052.091551078929,754.1766534235161,1993.8932513414968,848.6925685780392,1393.834896778823,444.2383732738414,827.0308149263717,2077.1367942402435,1513.571814107917,517.3317296754958,1758.95216145467,536.5906579696491,1217.2575629394125,1182.9121521665236
Ahmedabad,1910.2511470321977,716.1124784091567,0.0,2056.0923926599557,977.7347983152396,984.0717806157347,1237.0446974630108,495.6835398329039,1402.1849948987478,953.3342542604779,1371.8089161235355,1413.6617338907527,1403.4553318051899,1641.3534139557414,975.4461780469202,777.4082807469656,1503.2918989397367,1681.9225688327115,1966.773962747331,879.4982034294335,2178.6065360735197,540.4679579970883,1102.0843335860259,665.1118557578204,1743.198030772513,2198.729071428207,1618.8555906737156,945.1078393783562,1571.31746585848,1149.5976871324829,439.9798226746272,1267.9633626175014,703.0582013291588,359.197482662379,847.7770463119501,1304.5367866773988,1450.8019206917472,518.1260829397871,953.3480322237322,1687.5320521193255,1302.1184106326257,1976.8314763874712,1007.3200094887569,1248.8931430874886,1678.023119876555,1269.6071294620008,208.99143342961318,1363.5142945067996,1085.3743562770183,1112.7116887207171,1257.9225454479395
Aizawl,146.05260092462666,1524.7855889219338,2056.0923926599557,0.0,1115.2292693880865,1961.219700633489,1991.581064087977,1560.8811797524459,806.3512373067562,1755.3504804754302,1765.8449479494507,2186.0671115156642,792.0448903274884,579.2760661151722,1626.773266855842,1651.4148459523597,2316.9194966230784,575.6144061609382,286.4337647795277,1639.517664455093,173.08893975880503,1736.708563423055,2011.4589815203667,1442.6811734970563,2374.2717206821117,256.47423466408554,463.24347860870523,1232.6878820372156,2180.204651599956,2232.403355025812,2115.9471353951744,2119.4089595310847,1429.2551740741812,1995.1314821068568,2177.235926417781,793.4716014125097,1890.826179897905,2038.134787372285,1171.5726154476536,2146.11712517364,756.3212965975633,222.1106068842692,1737.278414476139,2085.029046082248,2382.671549279066,1793.1693462631033,1929.0572633198926,2178.6175598611903,1001.2094886749837,1493.0360199673773,1194.036522630055
Allahabad,970.4980564087015,428.7391533129341,977.7347983152396,1115.2292693880865,0.0,968.5847817874492,1455.7185173175749,510.1223801961146,701.8359828593537,770.5232204915203,1383.47118566104,1683.9050339530004,690.2784948700238,664.1482971800551,659.4784169443554,593.7670331654971,1815.3230655773882,705.7233150385654,993.0565552448471,960.2395210443731,1218.7113351585892,626.4599081937286,1056.9802557715145,329.1226210928203,1982.2127303659042,1229.6753901255724,734.4682774436156,180.78977743729993,1768.9554184719766,1573.0955631859485,1162.0692656147544,1559.8669511888656,553.936720401444,1023.5114340761304,1384.929301275068,330.74342603510445,1515.669675644253,1126.3329335233752,465.8093614968746,1815.4447962836264,420.8110194107388,1008.1696399941841,778.7394670746189,1177.1868677257296,1950.982479393238,1337.1713205513076,824.9297184169673,1651.4066947746878,114.04462929704665,1000.6684240617135,873.2305339101684
Amritsar,1830.6892313137462,581.2262001610944,984.0717806157347,1961.219700633489,968.5847817874492,0.0,2093.7264722378723,964.2025036742151,1667.5750609871063,207.2234704879669,2135.2438782021977,2302.5036285680508,1657.0206048408945,1393.7862154813179,334.9674213327067,389.97849544831683,2412.1271584018605,1411.2465090276462,1749.1872957648748,1625.7226175123683,2012.0497854558473,532.4582795299305,121.50010902420158,776.6516085046079,2632.677162962463,1987.5266564120775,1670.4167929206278,793.8550105950192,2437.000539592608,2081.558573941282,1410.6003013493375,2157.9082694768117,1239.183178867763,1298.4222785308364,1798.1521390948033,1205.3040220764967,2247.372927528059,1461.7228552678205,1335.3668795212125,2526.7369219713096,1380.4658313178165,1790.1793149250977,226.25038758084477,272.4731313160836,2578.559006835523,2055.0839657552815,791.9610553698411,2256.9594524712993,1057.7906958669932,1780.4978004234915,1763.67126233288
Bangalore,1880.3993660146903,1580.1210673502794,1237.0446974630108,1991.581064087977,1455.7185173175749,2093.7264722378723,0.0,1144.1678721481746,1196.12517657721,1976.7807482623873,290.1720249530604,228.19741724450012,1213.0130896594246,1918.0930427973672,1929.1891380199904,1750.11476241321,361.16234145103516,1965.53050264477,2080.0152421413677,499.9932408970137,2162.0202611155046,1561.5360482517533,2214.223468194897,1391.1003775252882,543.0327960431121,2229.9831391466546,1560.6966232595823,1581.86618932784,343.54465560106576,296.84925006052913,845.3183856559485,128.01685602277914,922.6630702985746,880.1462243080605,493.22561501596925,1610.334029853678,266.24613987983787,735.2269425849163,1015.4295411518848,450.48764947961445,1411.4624314681478,2050.344611419309,2016.7813127807203,2364.4991071763143,499.7334332073222,210.53250273400286,1354.2355454380158,199.7209442512578,1483.983645609927,512.0971358484652,798.9717310252566
Bhopal,1415.1594571698097,439.62623966123505,495.6835398329039,1560.8811797524459,510.1223801961146,964.2025036742151,1144.1678721481746,0.0,928.7861765984759,833.362971407786,1171.1092981674358,1362.2313914501478,927.6039847634905,1169.4704867808478,787.059368337152,606.159434767363,1481.2048821354222,1212.6157545764206,1481.2007097392104,662.7788928393994,1685.9131900177135,437.86327351595077,1082.0188765418857,270.0504159217346,1687.058405271945,1709.2724840137037,1123.951036881191,534.5030171626656,1484.6539959176478,1181.6023206446628,661.3618811863855,1221.8871756037877,291.57027493656096,521.3110234029858,942.0075269773995,823.8566503791924,1283.7902751724573,643.4918880755712,488.0298962066189,1566.751773151721,806.4356526337541,1487.8215542794037,872.6329988849283,1230.1385279860954,1639.3313449714863,1091.5811915411025,403.91501592809203,1320.2489982345414,608.2412528403306,823.5503354211072,865.6638793054933
Bhubaneswar,686.4501090744283,1103.1812755857884,1402.1849948987478,806.3512373067562,701.8359828593537,1667.5750609871063,1196.12517657721,928.7861765984759,0.0,1471.948604440387,996.3252665315658,1401.3345728780314,19.481720111218277,789.4371094125204,1360.9820484492338,1284.6773108760428,1535.2449135339496,832.5916288711448,887.301470706639,837.1563515009838,972.5988837844753,1258.936393423492,1758.5534441868738,938.1760515209222,1623.837579823092,1035.9515874334088,364.8930688155409,881.6461723161897,1418.3082143299316,1427.2650460346215,1361.8867082808579,1322.968544099933,706.8734357482327,1256.479350827967,1376.658118519628,593.2901812513105,1129.1955243351022,1270.2556840154043,448.85766836808233,1409.4753979191696,343.06325013535496,854.8623164521473,1480.4657569263845,1878.5304665984124,1620.3982386222742,1006.489894009854,1332.322951373695,1388.7442288167524,630.1275482746339,689.7312785740367,399.0478782039818
Chandigarh,1624.0907493052084,413.1388873766072,953.3342542604779,1755.3504804754302,770.5232204915203,207.2234704879669,1976.7807482623873,833.362971407786,1471.948604440387,0.0,1995.048231493107,2192.4502831701247,1460.691037155888,1190.4653069814915,128.63639460485157,227.783400807738,2308.016744041718,1209.4206014145248,1547.294550025829,1494.2789882850423,1809.0981876184296,435.7115383483844,286.65986862487676,613.2682724473297,2519.2446956092185,1786.886957450698,1464.2316338877476,592.8868046206189,2317.906732646811,1991.208527342286,1354.316711391942,2050.2069634145423,1090.6938043511022,1230.7966203037865,1721.3057098095958,998.3952741904247,2112.6536214346347,1389.5801415852038,1160.0358365238865,2399.059898068892,1177.6312900440491,1586.942508407731,55.84844752934388,416.39325594534256,2469.6042914005357,1921.0426655870529,747.2624612886199,2149.0715839823665,855.4248878852811,1629.9495401920644,1589.949376477494
Chennai,1665.1996798800913,1584.7590729159917,1371.8089161235355,1765.8449479494507,1383.47118566104,2135.2438782021977,290.1720249530604,1171.1092981674358,996.3252665315658,1995.048231493107,0.0,427.43116705868016,1014.7633052059867,1760.4328745932255,1930.061324029546,1767.6514111470074,553.1822163642607,1806.6124232846307,1882.1606827227668,515.2416343776237,1938.3807919155167,1607.099196954337,2252.5489774999432,1386.5024135846263,630.5050352045504,2012.1740065184201,1358.3607154263377,1532.1034343851613,422.11446195171186,586.9476757845566,1033.09851228774,403.5143497308309,905.3212192950878,1033.2742463637592,744.0351557019155,1481.4738316334603,136.4520637271503,914.364691201237,919.6950643784878,434.73211876731193,1258.634843664405,1846.4238949116661,2028.9038791842377,2399.73059101953,624.081167048616,110.33441493944744,1452.6179002132035,431.11003302735355,1389.6064727546063,382.8300575030956,601.5861224059166
Coimbatore,2080.4988616943574,1800.2669423835418,1413.6617338907527,2186.0671115156642,1683.9050339530004,2302.5036285680508,228.19741724450012,1362.2313914501478,1401.3345728780314,2192.4502831701247,427.43116705868016,0.0,1418.9161252852743,2138.358380616636,2148.9091822653604,1966.797201781558,135.61890317332444,2185.585212729844,2288.2481894500606,727.064041185755,2357.918196991582,1771.7391028510624,2423.542592197578,1613.6709220834882,331.8422989659111,2429.17858244609,1766.0988264837479,1809.1293248477668,175.87406698399982,310.92721108615456,997.2221338973466,146.33264912670012,1149.0324454420097,1054.5148753616404,601.7078289814033,1835.1955484176906,327.40238355027117,898.3329065191722,1242.3842926167201,321.7544940907921,1631.6990137362689,2256.0003005942076,2233.7961128263573,2574.2745745553475,277.1835775617776,394.91104704054993,1547.105043642139,51.934066466653526,1711.7574959813483,729.0061175141975,1002.2879410272056
Cuttack,670.7533649373211,1094.4224480280193,1403.4553318051899,792.0448903274884,690.2784948700238,1657.0206048408945,1213.0130896594246,927.6039847634905,19.481720111218277,1460.691037155888,1014.7633052059867,1418.9161252852743,0.0,769.9558192117496,1349.0037200534075,1274.9999649261306,1552.9456093269603,813.1135238459768,869.4742576802108,849.7464812150581,957.5694393091569,1252.58783254708,1747.225320395429,931.4484157593797,1642.5512372318142,1020.0704878673588,347.71073020915173,869.6781614633652,1436.7955076260787,1442.5898482314158,1369.2179462012546,1339.7174280676818,710.3026643512812,1262.5238300110461,1389.032183975184,575.6786854151198,1147.8071524938352,1278.6528935931105,450.5686460811913,1428.506072908233,325.8326930627265,837.5876949428914,1468.6137284410124,1866.400125694082,1638.8126436925866,1024.131814041127,1330.7714375960434,1406.0109021777039,616.5821872103365,705.7857505754591,416.70725398163466
Darjeeling,468.1248550801966,1014.8542231853285,1641.3534139557414,579.2760661151722,664.1482971800551,1393.7862154813179,1918.0930427973672,1169.4704867808478,789.4371094125204,1190.4653069814915,1760.4328745932255,2138.358380616636,769.9558192117496,0.0,1062.0909446016744,1112.1443811133547,2273.9772569308893,47.86179472779356,359.3119908564401,1469.861778525991,618.6604401632729,1235.8604717576893,1437.4482831288972,982.5543616556862,2390.769620424891,601.9182338606305,496.41245565654725,725.4664624288203,2180.0298791139285,2100.911593960331,1803.525363215597,2038.5704471341999,1137.8761936897931,1668.5079881184736,1967.967224738612,350.3073285421613,1896.329568046919,1752.1657873273803,930.6016189407349,2186.1620330776395,506.7209978609952,396.48452595846777,1168.0781961644918,1506.7045504620405,2378.750562505778,1751.3030005806745,1480.8537347389029,2117.300626095126,561.2299161971895,1409.4374778315935,1161.4085628241073
Dehradun,1495.7729744839169,349.13773258874124,975.4461780469202,1626.773266855842,659.4784169443554,334.9674213327067,1929.1891380199904,787.059368337152,1360.9820484492338,128.63639460485157,1930.061324029546,2148.9091822653604,1349.0037200534075,1062.0909446016744,0.0,200.59416625227104,2268.2505241914837,1081.4622717509062,1419.245743363966,1438.6549036903425,1680.7478107644852,437.34152523075693,402.9474675218128,543.8655455499634,2472.1973546747104,1659.1876927596813,1340.2063389863272,479.3433141351638,2267.4272800483345,1962.4047585261428,1353.4848435563542,2008.9360219733521,1025.187079085817,1223.9513848108547,1703.3817451858238,873.00895209749,2051.3802364247986,1377.7375637296348,1070.1946440697475,2342.082548315737,1058.8789998907591,1458.545680759479,120.09934664233373,517.7153049502374,2425.8813134676248,1861.0333792283488,766.4891313984886,2107.244903824735,738.1428331393361,1558.4861631485633,1499.3135334580486
Delhi,1513.2232502053432,191.72470942519615,777.4082807469656,1651.4148459523597,593.7670331654971,389.97849544831683,1750.11476241321,606.159434767363,1284.6773108760428,227.783400807738,1767.6514111470074,1966.797201781558,1274.9999649261306,1112.1443811133547,200.59416625227104,0.0,2083.528529390385,1138.9217904523966,1471.0703852200177,1266.5306032844746,1724.6482062035511,237.53250239474687,496.08423626249476,390.0173454795285,2292.827261890884,1713.9695505012362,1317.7536030396716,430.83985394691945,2090.8118717490015,1771.0868069805808,1153.2412912502034,1825.1509553500027,863.9122908908565,1024.469362471463,1507.227853689005,866.6925362826033,1884.9244355994829,1179.4824279187978,945.7597548322788,2171.326121476444,1013.2407986324223,1503.1061190471748,267.03309991358947,636.8745238205671,2243.980772992546,1693.2793076982198,568.4778803856939,1923.886491059115,692.7372990577682,1404.0531282361399,1374.6302033332515
Ernakulam,2212.8878068733234,1920.380962863027,1503.2918989397367,2316.9194966230784,1815.3230655773882,2412.1271584018605,361.16234145103516,1481.2048821354222,1535.2449135339496,2308.016744041718,553.1822163642607,135.61890317332444,1552.9456093269603,2273.9772569308893,2268.2505241914837,2083.528529390385,0.0,2321.2029255978505,2422.3981548931,856.3987221878173,2489.067823979514,1883.3878035569549,2533.454148009046,1736.403238327306,250.6387509660063,2561.183552543298,1899.8443584019328,1937.7194970543094,199.41618189245122,362.0548563892582,1076.0923401105813,259.9789578144815,1276.6901968826053,1145.788577136903,668.6636448423242,1970.3087260876216,440.64617767814826,985.2281595713189,1376.525120030893,339.1963724798063,1767.3170841299088,2389.621405008834,2350.524508308287,2684.392701620618,176.48807433074768,528.8624351887992,1646.7809644886452,164.15493473895737,1845.0340369080404,864.6151388683414,1136.2399050434262
Gangtok,473.6275882114792,1047.4633849523082,1681.9225688327115,575.6144061609382,705.7233150385654,1411.2465090276462,1965.53050264477,1212.6157545764206,832.5916288711448,1209.4206014145248,1806.6124232846307,2185.585212729844,813.1135238459768,47.86179472779356,1081.4622717509062,1138.9217904523966,2321.2029255978505,0.0,337.9576276034644,1517.7235353203578,601.6056103519292,1268.97427134545,1451.2530884524083,1021.3605096623725,2437.0263030347137,578.15034881049,530.5518539313362,760.1712933996783,2226.485764145729,2148.7671381136306,1848.9336785768828,2086.135787126592,1184.7935933333972,1713.584524701891,2015.4796540256395,396.04119053720814,1942.4199142091109,1798.4150679999996,978.4198682938036,2231.716762681329,554.084049469912,381.23377876432875,1185.128920071554,1516.2220821256656,2425.404139160046,1798.1793841175836,1519.126309683231,2164.690385362719,604.5829389695266,1456.6211727302407,1207.0974659261778
Guwahati,261.15077258985576,1368.3281552306855,1966.773962747331,286.4337647795277,993.0565552448471,1749.1872957648748,2080.0152421413677,1481.2007097392104,887.301470706639,1547.294550025829,1882.1606827227668,2288.2481894500606,869.4742576802108,359.3119908564401,1419.245743363966,1471.0703852200177,2422.3981548931,337.9576276034644,0.0,1677.576580538773,265.6660670305639,1587.9648017558188,1788.0474805524127,1319.9753879859147,2506.4344262346344,243.04619587995757,523.8083779793222,1076.2849068054772,2303.490358875382,2296.0654290129964,2086.335321881785,2205.8042592385773,1402.1315844613573,1956.6846646741794,2202.250243798176,662.9620329336883,2013.5663672489495,2022.1412859876184,1163.3977172326709,2286.472833042571,719.6818412879956,64.83729139829354,1523.0478512993702,1849.4530027112369,2506.0143958088593,1893.5562592955093,1817.7506458272742,2274.5482872084654,882.3406855820926,1569.281110239188,1286.1756560162241
Hyderabad,1511.6442941449473,1089.8963492147718,879.4982034294335,1639.517664455093,960.2395210443731,1625.7226175123683,499.9932408970137,662.7788928393994,837.1563515009838,1494.2789882850423,515.2416343776237,727.064041185755,849.7464812150581,1469.861778525991,1438.6549036903425,1266.5306032844746,856.3987221878173,1517.7235353203578,1677.576580538773,0.0,1801.2726233313215,1095.146606823552,1744.2672502690414,896.6490589503545,1038.8358606015713,1856.8109023834977,1181.8821002123361,1082.068564584568,830.4371663621833,631.5904883343062,621.4628500760233,599.6907627511187,422.9191029065493,573.6475918618586,539.6301834875983,1142.5825002493482,621.7359780522294,505.7541214780401,541.7949146601361,904.807784330898,971.7154051788899,1657.8349134305088,1531.327248274807,1892.780739577092,999.4705922598016,429.44976295928484,941.3965059087116,692.2559110145771,996.7317830207068,249.79370853270981,502.8084308309736
Imphal,290.0003962766829,1612.2879833143697,2178.6065360735197,173.08893975880503,1218.7113351585892,2012.0497854558473,2162.0202611155046,1685.9131900177135,972.5988837844753,1809.0981876184296,1938.3807919155167,2357.918196991582,957.5694393091569,618.6604401632729,1680.7478107644852,1724.6482062035511,2489.067823979514,601.6056103519292,265.6660670305639,1801.2726233313215,0.0,1829.2395523727116,2052.7781159246783,1547.8304073020108,2547.360483028566,95.10387707257892,619.8095456534594,1318.9569258632037,2353.1518919560804,2399.808981716374,2260.8826103165725,2289.733617993065,1572.8883872757942,2136.8983967227628,2337.203299545779,889.304898931764,2063.6893303299853,2187.1109942963917,1319.6700406954567,2319.150532146793,890.8238587564805,222.36652112054023,1786.1178821184071,2115.0997631320897,2555.6519702677015,1964.6070657356872,2041.358687118136,2349.9443951815083,1105.2938764739895,1661.2441988608014,1363.6790570030282
Jaipur,1593.3027679459062,221.89107145144504,540.4679579970883,1736.708563423055,626.4599081937286,532.4582795299305,1561.5360482517533,437.86327351595077,1258.936393423492,435.7115383483844,1607.099196954337,1771.7391028510624,1252.58783254708,1235.8604717576893,437.34152523075693,237.53250239474687,1883.3878035569549,1268.97427134545,1587.9648017558188,1095.146606823552,1829.2395523727116,0.0,652.6986671449117,321.73334160711426,2101.270569479779,1829.9710331926874,1357.774190144526,511.68321615950225,1904.6959487185145,1559.5609921201992,920.7423599427211,1627.7224316078905,723.4532361643529,795.3919406445885,1286.078817775858,943.6742017042678,1716.8416087167702,953.8706763236075,864.5736073032912,1994.5346477465403,1037.0701887544085,1612.006777366795,485.2533354299312,803.0077381004934,2048.2655987483126,1524.5775580856086,331.8456608065201,1726.7902285878058,738.995201805289,1260.9633535476244,1278.596183274749
Jammu,1884.9451671067618,687.645175095417,1102.0843335860259,2011.4589815203667,1056.9802557715145,121.50010902420158,2214.223468194897,1082.0188765418857,1758.5534441868738,286.65986862487676,2252.5489774999432,2423.542592197578,1747.225320395429,1437.4482831288972,402.9474675218128,496.08423626249476,2533.454148009046,1451.2530884524083,1788.0474805524127,1744.2672502690414,2052.7781159246783,652.6986671449117,0.0,885.8241949686646,2753.558142763833,2022.9581614949766,1741.9791151577958,878.6944630188391,2557.3929811129,2203.04948649284,1530.630551895098,2279.0486249447945,1353.9172184414988,1419.3708443892453,1919.332583181131,1273.7397375806074,2365.7127961422366,1582.810165889341,1440.7190571517174,2646.2027403737943,1461.4697592716318,1832.2100679198238,283.3957215315866,150.99323263972656,2699.6980074840244,2173.456663477755,912.1004653387208,2378.1070090103167,1140.0345566321805,1895.2506000056912,1870.131638290724
Jhansi,1297.4278387224074,200.13015310963297,665.1118557578204,1442.6811734970563,329.1226210928203,776.6516085046079,1391.1003775252882,270.0504159217346,938.1760515209222,613.2682724473297,1386.5024135846263,1613.6709220834882,931.4484157593797,982.5543616556862,543.8655455499634,390.0173454795285,1736.403238327306,1021.3605096623725,1319.9753879859147,896.6490589503545,1547.8304073020108,321.73334160711426,885.8241949686646,0.0,1933.4370118849683,1557.9033486668052,1044.7258183144363,283.7163603822819,1726.7502513707125,1446.970645144979,918.9462501486481,1476.437223653875,481.36026756625927,779.2924112928395,1212.0023767738166,659.308975398184,1507.518736989686,910.5146838626483,561.5878574740244,1798.719705306871,721.5126548354928,1336.6808933049103,643.6070488453792,1026.6256772598797,1889.8067514595093,1317.2846843055438,498.59277740890843,1573.7988219802644,442.7871916477339,1017.430261127502,987.6944444735341
Kanyakumari,2281.897508168234,2123.109473663482,1743.198030772513,2374.2717206821117,1982.2127303659042,2632.677162962463,543.0327960431121,1687.058405271945,1623.837579823092,2519.2446956092185,630.5050352045504,331.8422989659111,1642.5512372318142,2390.769620424891,2472.1973546747104,2292.827261890884,250.6387509660063,2437.0263030347137,2506.4344262346344,1038.8358606015713,2547.360483028566,2101.270569479779,2753.558142763833,1933.4370118849683,0.0,2625.1831665826576,1983.0666114751714,2116.56437827756,213.99749846833726,611.4765320625601,1321.2089642135606,478.0830952700878,1461.4211355348411,1384.3544813831584,916.748139704583,2106.3130372739424,495.3109569267713,1226.2981028012719,1528.0596374466522,236.26896400031805,1887.964214977912,2468.269592167262,2559.5984465369993,2904.1541726271876,82.06175298887085,649.3791703973371,1878.8868304524847,380.40411653034613,2000.5511255564732,995.0072319742856,1231.7285801044509
Kohima,349.6764089746222,1610.7512954830129,2198.729071428207,256.47423466408554,1229.6753901255724,1987.5266564120775,2229.9831391466546,1709.2724840137037,1035.9515874334088,1786.886957450698,2012.1740065184201,2429.17858244609,1020.0704878673588,601.9182338606305,1659.1876927596813,1713.9695505012362,2561.183552543298,578.15034881049,243.04619587995757,1856.8109023834977,95.10387707257892,1829.9710331926874,2022.9581614949766,1557.9033486668052,2625.1831665826576,0.0,676.0957697122689,1318.325624446536,2428.9477767334433,2462.220297622532,2298.8069789637266,2357.372797501248,1611.2787205155464,2172.286448201279,2389.9343675337777,898.9320875072464,2139.0199707976003,2228.8188717713315,1362.8750833756787,2398.392264220385,926.192113733207,221.95772921685972,1761.277715139822,2079.1790033457683,2631.660270420898,2034.9888622583685,2054.5219806367863,2419.8056060086737,1117.6045534103803,1725.6818646410418,1431.0118701533013
Kolkata,329.8839821608751,1162.7433688020983,1618.8555906737156,463.24347860870523,734.4682774436156,1670.4167929206278,1560.6966232595823,1123.951036881191,364.8930688155409,1464.2316338877476,1358.3607154263377,1766.0988264837479,347.71073020915173,496.41245565654725,1340.2063389863272,1317.7536030396716,1899.8443584019328,530.5518539313362,523.8083779793222,1181.8821002123361,619.8095456534594,1357.774190144526,1741.9791151577958,1044.7258183144363,1983.0666114751714,676.0957697122689,0.0,886.9844385595195,1779.7021143219624,1786.811981931139,1654.8391167991713,1687.31480821253,970.1328319635518,1536.217334389953,1717.3945266049457,469.1529477979093,1489.8302415567944,1575.3760535945123,710.0103637240433,1764.4836774077492,324.2650519486669,489.971546452873,1458.769695275715,1840.8105679527466,1982.2091171902937,1371.209871301058,1509.055874873475,1753.6308989636593,626.9582668392037,1052.5388334683314,763.8439301109222
Lucknow,1091.5070794972344,293.3598242144909,945.1078393783562,1232.6878820372156,180.78977743729993,793.8550105950192,1581.86618932784,534.5030171626656,881.6461723161897,592.8868046206189,1532.1034343851613,1809.1293248477668,869.6781614633652,725.4664624288203,479.3433141351638,430.83985394691945,1937.7194970543094,760.1712933996783,1076.2849068054772,1082.068564584568,1318.9569258632037,511.68321615950225,878.6944630188391,283.7163603822819,2116.56437827756,1318.325624446536,886.9844385595195,0.0,1904.8472095702966,1674.174724122535,1194.6747399007356,1679.2740285370191,661.3775852366613,1054.5605229012249,1461.6997103892218,440.6634990271202,1661.6299149745648,1176.726510377306,626.0221142099227,1960.0233948775308,587.0544061107245,1100.7810347712116,598.9518636753728,996.912411030198,2080.7047281687305,1478.3186445393587,766.9059388305787,1773.6021660579886,264.41352345360326,1150.2222935577856,1044.9454716318444
Madurai,2083.4846260254176,1918.3150503339855,1571.31746585848,2180.204651599956,1768.9554184719766,2437.000539592608,343.54465560106576,1484.6539959176478,1418.3082143299316,2317.906732646811,422.11446195171186,175.87406698399982,1436.7955076260787,2180.0298791139285,2267.4272800483345,2090.8118717490015,199.41618189245122,2226.485764145729,2303.490358875382,830.4371663621833,2353.1518919560804,1904.6959487185145,2557.3929811129,1726.7502513707125,213.99749846833726,2428.9477767334433,1779.7021143219624,1904.8472095702966,0.0,486.7952186810519,1163.180735710394,309.146014719728,1251.962816993997,1212.459071540968,774.3075063550175,1892.9658707544177,290.25956755444975,1060.2405998340712,1314.104448063083,148.7837310558669,1676.2176747076364,2266.9224721202854,2357.0920913291047,2707.5594589217326,202.82005422137817,435.42599114903624,1695.5347205257683,226.77500774287822,1786.607580211367,781.2143295487223,1023.4374789361052
Mangalore,2113.2604992906877,1619.5051533209191,1149.5976871324829,2232.403355025812,1573.0955631859485,2081.558573941282,296.84925006052913,1181.6023206446628,1427.2650460346215,1991.208527342286,586.9476757845566,310.92721108615456,1442.5898482314158,2100.911593960331,1962.4047585261428,1771.0868069805808,362.0548563892582,2148.7671381136306,2296.0654290129964,631.5904883343062,2399.808981716374,1559.5609921201992,2203.04948649284,1446.970645144979,611.4765320625601,2462.220297622532,1786.811981931139,1674.174724122535,486.7952186810519,0.0,717.0231602132378,205.3737020841928,1019.7205455504021,795.7893410268144,307.2131458005859,1773.705437602967,548.5169908537782,632.4929846643278,1173.2715887242764,631.6773686662793,1600.1832301782613,2271.948478592448,2036.5968555402007,2353.9484738289993,538.4517472886475,500.1965197170996,1303.3367295158705,260.7389392763046,1620.3813975039084,739.8698665011815,1041.8340580842353
Mumbai,1975.3514173812962,1042.0473393192342,439.9798226746272,2115.9471353951744,1162.0692656147544,1410.6003013493375,845.3183856559485,661.3618811863855,1361.8867082808579,1354.316711391942,1033.09851228774,997.2221338973466,1369.2179462012546,1803.525363215597,1353.4848435563542,1153.2412912502034,1076.0923401105813,1848.9336785768828,2086.335321881785,621.4628500760233,2260.8826103165725,920.7423599427211,1530.630551895098,918.9462501486481,1321.2089642135606,2298.8069789637266,1654.8391167991713,1194.6747399007356,1163.180735710394,717.0231602132378,0.0,854.5955870232856,688.0197765841829,140.12457193244126,411.2048717215618,1453.228078119942,1086.2090395246805,120.15230196919634,944.8294623218254,1290.165223067289,1372.6150252828065,2082.5777111741163,1405.344170319239,1679.542364865549,1252.252319933062,923.8586175928666,618.6408812909796,945.808325122861,1249.0529857447173,870.7689534215682,1101.8757643652975
Mysore,2007.7457797649201,1660.8216802001577,1267.9633626175014,2119.4089595310847,1559.8669511888656,2157.9082694768117,128.01685602277914,1221.8871756037877,1322.968544099933,2050.2069634145423,403.5143497308309,146.33264912670012,1339.7174280676818,2038.5704471341999,2008.9360219733521,1825.1509553500027,259.9789578144815,2086.135787126592,2205.8042592385773,599.6907627511187,2289.733617993065,1627.7224316078905,2279.0486249447945,1476.437223653875,478.0830952700878,2357.372797501248,1687.31480821253,1679.2740285370191,309.146014719728,205.3737020841928,854.5955870232856,0.0,1017.9576313511718,908.7704744537547,467.2253620095787,1726.3742597495875,346.75449237585946,753.6165326195538,1128.3436688387044,444.0074064520258,1532.3451610222123,2176.7436905351647,2092.1832266240117,2429.8609469000885,420.6510238417098,335.7078340512541,1400.809758223569,99.06991598060483,1593.2730253736322,636.7683330290242,926.4079625668063
Nagpur,1287.85537364134,679.4863710672505,703.0582013291588,1429.2551740741812,553.936720401444,1239.183178867763,922.6630702985746,291.57027493656096,706.8734357482327,1090.6938043511022,905.3212192950878,1149.0324454420097,710.3026643512812,1137.8761936897931,1025.187079085817,863.9122908908565,1276.6901968826053,1184.7935933333972,1402.1315844613573,422.9191029065493,1572.8883872757942,723.4532361643529,1353.9172184414988,481.36026756625927,1461.4211355348411,1611.2787205155464,970.1328319635518,661.3775852366613,1251.962816993997,1019.7205455504021,688.0197765841829,1017.9576313511718,0.0,566.1362545228044,838.6749478263529,790.9381277808221,1026.3267651371857,620.135177687032,263.7272685651071,1318.7911141923087,685.275751653418,1396.104060073876,1123.6980364240503,1498.9845586402357,1422.304297134494,836.5885444842963,670.4207894383908,1112.645798611817,610.4981461441258,541.3707721594072,579.1941249415677
Nashik,1853.2103563619162,906.4538274900765,359.197482662379,1995.1314821068568,1023.5114340761304,1298.4222785308364,880.1462243080605,521.3110234029858,1256.479350827967,1230.7966203037865,1033.2742463637592,1054.5148753616404,1262.5238300110461,1668.5079881184736,1223.9513848108547,1024.469362471463,1145.788577136903,1713.584524701891,1956.6846646741794,573.6475918618586,2136.8983967227628,795.3919406445885,1419.3708443892453,779.2924112928395,1384.3544813831584,2172.286448201279,1536.217334389953,1054.5605229012249,1212.459071540968,795.7893410268144,140.12457193244126,908.7704744537547,566.1362545228044,0.0,501.12720507319244,1318.3822972157961,1102.4960799693831,164.39607912073137,827.6021738232276,1330.421108786351,1246.715396499487,1954.730030482862,1280.631640216766,1569.4494345054297,1319.9127162158093,927.3884574418132,510.21314205417264,1004.4606140027856,1112.131281554993,821.5491882325601,1024.766386813205
Panaji,2047.2410512094343,1369.2894569039047,847.7770463119501,2177.235926417781,1384.929301275068,1798.1521390948033,493.22561501596925,942.0075269773995,1376.658118519628,1721.3057098095958,744.0351557019155,601.7078289814033,1389.032183975184,1967.967224738612,1703.3817451858238,1507.227853689005,668.6636448423242,2015.4796540256395,2202.250243798176,539.6301834875983,2337.203299545779,1286.078817775858,1919.332583181131,1212.0023767738166,916.748139704583,2389.9343675337777,1717.3945266049457,1461.6997103892218,774.3075063550175,307.2131458005859,411.2048717215618,467.2253620095787,838.6749478263529,501.12720507319244,0.0,1625.795003120854,756.9309778041392,336.87904250778405,1042.7173986011737,911.1824229500676,1486.182476099475,2186.395108572644,1769.168081186821,2069.69578531306,845.151719167699,636.3499029219879,1011.3337760955392,549.7754728868307,1448.8361144188918,737.6448175970709,1029.9300715375646
Patna,651.2374738860401,731.5301464817198,1304.5367866773988,793.4716014125097,330.74342603510445,1205.3040220764967,1610.334029853678,823.8566503791924,593.2901812513105,998.3952741904247,1481.4738316334603,1835.1955484176906,575.6786854151198,350.3073285421613,873.00895209749,866.6925362826033,1970.3087260876216,396.04119053720814,662.9620329336883,1142.5825002493482,889.304898931764,943.6742017042678,1273.7397375806074,659.308975398184,2106.3130372739424,898.9320875072464,469.1529477979093,440.6634990271202,1892.9658707544177,1773.705437602967,1453.228078119942,1726.3742597495875,790.9381277808221,1318.3822972157961,1625.795003120854,0.0,1617.8301206003796,1402.5193919212293,600.9906807599506,1914.7107888348055,250.79333146676976,677.461794499356,990.85564150319,1371.6958906094885,2086.9698517243355,1458.4608812826234,1155.6303735917102,1810.01482825489,219.3971729009207,1112.4583514867904,901.2962962880418
Pondicherry,1793.2951242649544,1704.4492867978563,1450.8019206917472,1890.826179897905,1515.669675644253,2247.372927528059,266.24613987983787,1283.7902751724573,1129.1955243351022,2112.6536214346347,136.4520637271503,327.40238355027117,1147.8071524938352,1896.329568046919,2051.3802364247986,1884.9244355994829,440.64617767814826,1942.4199142091109,2013.5663672489495,621.7359780522294,2063.6893303299853,1716.8416087167702,2365.7127961422366,1507.518736989686,495.3109569267713,2139.0199707976003,1489.8302415567944,1661.6299149745648,290.25956755444975,548.5169908537782,1086.2090395246805,346.75449237585946,1026.3267651371857,1102.4960799693831,756.9309778041392,1617.8301206003796,0.0,970.7201968621708,1053.1889349658825,300.03603720854994,1394.9575441231764,1976.7369044205057,2147.9734670013268,2513.910715844258,493.0721716893505,192.29381658716827,1545.5341525460076,344.39593661282265,1524.0628206914319,515.5618556310674,736.4536515023146
Pune,1899.5450735977797,1052.091551078929,518.1260829397871,2038.134787372285,1126.3329335233752,1461.7228552678205,735.2269425849163,643.4918880755712,1270.2556840154043,1389.5801415852038,914.364691201237,898.3329065191722,1278.6528935931105,1752.1657873273803,1377.7375637296348,1179.4824279187978,985.2281595713189,1798.4150679999996,2022.1412859876184,505.7541214780401,2187.1109942963917,953.8706763236075,1582.810165889341,910.5146838626483,1226.2981028012719,2228.8188717713315,1575.3760535945123,1176.726510377306,1060.2405998340712,632.4929846643278,120.15230196919634,753.6165326195538,620.135177687032,164.39607912073137,336.87904250778405,1402.5193919212293,970.7201968621708,0.0,867.4796628454625,1183.1818280674386,1304.1073743023635,2015.1618745112587,1438.5459961361028,1733.0599231885435,1160.1971534326347,805.480841543994,674.56187381075,847.6125360757566,1205.8175731136864,754.0954070505114,993.6666526233715
Raipur,1032.1663040524443,754.1766534235161,953.3480322237322,1171.5726154476536,465.8093614968746,1335.3668795212125,1015.4295411518848,488.0298962066189,448.85766836808233,1160.0358365238865,919.6950643784878,1242.3842926167201,450.5686460811913,930.6016189407349,1070.1946440697475,945.7597548322788,1376.525120030893,978.4198682938036,1163.3977172326709,541.7949146601361,1319.6700406954567,864.5736073032912,1440.7190571517174,561.5878574740244,1528.0596374466522,1362.8750833756787,710.0103637240433,626.0221142099227,1314.104448063083,1173.2715887242764,944.8294623218254,1128.3436688387044,263.7272685651071,827.6021738232276,1042.7173986011737,600.9906807599506,1053.1889349658825,867.4796628454625,0.0,1353.2247825957074,444.3586942129045,1151.9854228030913,1182.084958975009,1576.4268641433289,1501.9596178174631,879.3716971295995,891.3281741039381,1214.4974093494118,472.5160950581397,537.6468998024686,429.9307266441546
Rameswaram,2057.304909192919,1993.8932513414968,1687.5320521193255,2146.11712517364,1815.4447962836264,2526.7369219713096,450.48764947961445,1566.751773151721,1409.4753979191696,2399.059898068892,434.73211876731193,321.7544940907921,1428.506072908233,2186.1620330776395,2342.082548315737,2171.326121476444,339.1963724798063,2231.716762681329,2286.472833042571,904.807784330898,2319.150532146793,1994.5346477465403,2646.2027403737943,1798.719705306871,236.26896400031805,2398.392264220385,1764.4836774077492,1960.0233948775308,148.7837310558669,631.6773686662793,1290.165223067289,444.0074064520258,1318.7911141923087,1330.421108786351,911.1824229500676,1914.7107888348055,300.03603720854994,1183.1818280674386,1353.2247825957074,0.0,1688.1713523247552,2246.4397557034968,2436.0399842057104,2795.4827604542666,274.5027158458117,482.8583243782295,1801.5811369074077,370.9626796542579,1823.9856143113188,815.5924780578964,1024.8042511355534
Ranchi,611.462166503508,848.6925685780392,1302.1184106326257,756.3212965975633,420.8110194107388,1380.4658313178165,1411.4624314681478,806.4356526337541,343.06325013535496,1177.6312900440491,1258.634843664405,1631.6990137362689,325.8326930627265,506.7209978609952,1058.8789998907591,1013.2407986324223,1767.3170841299088,554.084049469912,719.6818412879956,971.7154051788899,890.8238587564805,1037.0701887544085,1461.4697592716318,721.5126548354928,1887.964214977912,926.192113733207,324.2650519486669,587.0544061107245,1676.2176747076364,1600.1832301782613,1372.6150252828065,1532.3451610222123,685.275751653418,1246.715396499487,1486.182476099475,250.79333146676976,1394.9575441231764,1304.1073743023635,444.3586942129045,1688.1713523247552,0.0,711.0630323001809,1178.9273701440763,1571.781798349592,1873.8774178969838,1245.6448314314357,1186.0636279382595,1610.6066454328109,322.72031448056515,902.876701929353,665.6500080440426
Shillong,203.72068213553194,1393.834896778823,1976.8314763874712,222.1106068842692,1008.1696399941841,1790.1793149250977,2050.344611419309,1487.8215542794037,854.8623164521473,1586.942508407731,1846.4238949116661,2256.0003005942076,837.5876949428914,396.48452595846777,1458.545680759479,1503.1061190471748,2389.621405008834,381.23377876432875,64.83729139829354,1657.8349134305088,222.36652112054023,1612.006777366795,1832.2100679198238,1336.6808933049103,2468.269592167262,221.95772921685972,489.971546452873,1100.7810347712116,2266.9224721202854,2271.948478592448,2082.5777111741163,2176.7436905351647,1396.104060073876,1954.730030482862,2186.395108572644,677.461794499356,1976.7369044205057,2015.1618745112587,1151.9854228030913,2246.4397557034968,711.0630323001809,0.0,1564.3633137457816,1897.072857854486,2469.6449765016673,1861.0954991541878,1832.879092908118,2243.5832789596984,895.8648865538129,1541.1103681455331,1253.7939170091279
